2 0.091992 0.398266 0.157797 0.311469
2 0.185062 0.429648 0.140469 0.331391
2 0.307359 0.391672 0.121000 0.246750
2 0.350539 0.433984 0.112547 0.296750
2 0.474133 0.396000 0.142859 0.246750
2 0.614828 0.357141 0.147187 0.195031
2 0.683875 0.587664 0.164500 0.248703
2 0.915531 0.483766 0.168938 0.331375
3 0.054109 0.768289 0.090688 0.090922
3 0.124352 0.759742 0.127703 0.090703
3 0.151406 0.681820 0.099562 0.099359
3 0.202383 0.654766 0.101516 0.079875
3 0.295453 0.665586 0.110594 0.106266
3 0.334523 0.599461 0.101734 0.086578
3 0.448047 0.609414 0.073375 0.080078
3 0.502055 0.596320 0.103891 0.110172
3 0.565047 0.584305 0.064938 0.121203
3 0.864719 0.624461 0.101938 0.088953
3 0.869047 0.681813 0.119250 0.073813
3 0.874461 0.731602 0.130078 0.073797
5 0.076234 0.472828 0.152469 0.591562
5 0.172469 0.443562 0.140031 0.481500
5 0.303219 0.473539 0.118594 0.458672
5 0.352516 0.327078 0.048594 0.140031
5 0.472539 0.439984 0.122891 0.414406
5 0.594000 0.412813 0.125750 0.385813
5 0.678305 0.577141 0.162891 0.262906
5 0.891922 0.504266 0.175750 0.488687
