2 0.536477 0.548891 0.093172 0.156344
2 0.735039 0.552344 0.093172 0.156344
0 0.533016 0.424570 0.052656 0.029703
0 0.741938 0.421117 0.052656 0.029703
0 0.315078 0.397203 0.052656 0.029719
2 0.307617 0.522234 0.093172 0.156344
3 0.284875 0.759609 0.045969 0.058000
3 0.352461 0.765844 0.057703 0.056062
3 0.717766 0.750898 0.045969 0.057984
3 0.512297 0.750898 0.045969 0.057984
3 0.574453 0.752625 0.045969 0.058000
3 0.757484 0.750898 0.045969 0.057984
5 0.747297 0.587648 0.150094 0.428766
5 0.533180 0.598852 0.150109 0.428766
5 0.317359 0.581586 0.150094 0.428766
