5 0.152672 0.538445 0.254812 0.634078
3 0.308789 0.688594 0.054859 0.049719
3 0.343430 0.704203 0.041141 0.065156
3 0.699227 0.748781 0.029141 0.065156
3 0.738656 0.748781 0.053156 0.051438
5 0.468234 0.645133 0.275531 0.480047
5 0.828227 0.584375 0.272578 0.583719
5 0.341797 0.559719 0.114313 0.348688
5 0.633297 0.583281 0.114312 0.395813
5 0.531125 0.439672 0.112875 0.197188
5 0.411820 0.512547 0.105734 0.337219
5 0.957391 0.495406 0.085219 0.402938
5 0.634719 0.378234 0.057156 0.100031
5 0.043875 0.473258 0.078594 0.444391
5 0.311789 0.338227 0.100016 0.125734
5 0.447539 0.331797 0.054297 0.087156
5 0.401813 0.344656 0.060000 0.098594
5 0.551133 0.297508 0.084297 0.095734
5 0.555422 0.343938 0.052875 0.077156
